3 0.31875 0.05 0.4375 0.07142857142857142
4 0.859375 0.04365079365079365 0.10416666666666674 0.05555555555555555
1 0.921875 0.12301587301587302 0.0625 0.07142857142857142
1 0.7791401427469136 0.2158656672545562 0.07535204475308643 0.07348618459729572
1 0.8469569830246915 0.31231628453850685 0.06630979938271597 0.07348618459729572
1 0.9792390046296298 0.40532223691945923 0.04152199074074059 0.08037551440329216
1 0.8047598379629631 0.6177432392710172 0.12056327160493818 0.1377865961199295
1 0.9494357638888891 0.7658638300999414 0.06028163580246915 0.07578262786596124
1 0.8122950424382718 0.8473875661375663 0.03918306327160492 0.05511463844797182
1 0.17481674382716053 0.5545910493827162 0.1265914351851852 0.1492688124632569
1 0.17180266203703706 0.4569922104644327 0.04219714506172839 0.032150205761316886
1 0.17783082561728397 0.37546847442680786 0.07233796296296297 0.08956128747795417
1 0.013563368055555558 0.40876690182245745 0.0210985725308642 0.06889329805996475
