3 0.321875 0.05 0.44375 0.06190476190476191
4 0.8640367798353912 0.047842568097197745 0.105492862654321 0.06506589261218892
1 0.04395535943930042 0.11099475798549877 0.06279337062757202 0.057411081716637294
1 0.02888495048868313 0.19711138056045469 0.03265255272633746 0.049756270821085635
1 0.07535204475308643 0.18754286694101513 0.04521122685185186 0.07272070350774057
1 0.10172526041666669 0.657356885655497 0.04269949202674897 0.03636035175387031
1 0.04395535943930042 0.7023288996668628 0.0527464313271605 0.06506589261218887
1 0.05400229873971194 0.825762725357633 0.0929341885288066 0.14735510973936905
1 0.6580745241769548 0.7970571844993143 0.07032857510288071 0.08228921712718018
1 0.7020298836162553 0.5626286008230454 0.04772296167695478 0.042101459925534046
1 0.8251048900462965 0.39900701793062915 0.0527464313271605 0.07463440623162843
1 0.6455158500514404 0.3042787330981776 0.050234696502057585 0.06889329805996475
1 0.6781684027777779 0.2631341245345876 0.040187757201646024 0.036360351753870285
1 0.9858559188528808 0.825762725357633 0.02260561342592593 0.07080700078385271
