1 0.16967004294507948 0.09695431025433114 0.058172586152598654 0.031394729034735794
1 0.1672461851887212 0.9122938907740872 0.04847715512716558 0.04432197040197994
1 0.11392131454883907 0.8107227086028833 0.06786801717803179 0.0738699506699666
1 0.567182714987837 0.8993666494068431 0.07756344820346495 0.06278945806947156
1 0.9428806672233702 0.7119216495818029 0.10664974127976423 0.14589315257318392
1 0.9004631564871002 0.488465048805154 0.031510150832657624 0.042475221635230764
1 0.5586992128405831 0.40905485183493995 0.07513959044710661 0.07571669943671577
1 0.19754440714319965 0.5484843837245019 0.031510150832657624 0.036934975334983355
1 0.5938451503077782 0.1606671427071773 0.029086293076299286 0.03693497533498327
1 0.9537880271269824 0.218839728859776 0.06544415942167348 0.0720232019032174
1 0.9525760982488033 0.29455642829649176 0.03878172410173242 0.03508822656823413
3 0.31146572169203873 0.049862216702227444 0.39508881428639936 0.05540246300247493
4 0.8641052901417261 0.05078559108560203 0.07513959044710661 0.0572492117692241
