3 0.3635786634537416 0.04660020252544621 0.2922221033366521 0.05868173651352485
4 0.8642072280847505 0.04832613595231458 0.0883462172878251 0.0552298696597881
1 0.5810462752391573 0.2278232123466259 0.06569334106017766 0.0759410707822086
1 0.9536860891839579 0.2097009113645079 0.09061150491058978 0.13634874072260184
1 0.9582166644294874 0.7093586384429034 0.036244601964235956 0.044874269098577835
1 0.10646851826994305 0.13462280729573348 0.0588974781918834 0.07248920392847186
1 0.08494828585367797 0.8060109103475325 0.03397931434147118 0.04142240224484106
1 0.019254944793500338 0.8534740795864129 0.038509889587000676 0.06040766994039326
1 0.9854001159026644 0.8517481461595444 0.022652876227647445 0.05005206937918294
1 0.009061150491058982 0.21056387807794208 0.013591725736588475 0.0552298696597881
