1 0.5333191638045083 0.21520361811391478 0.07433019704592447 0.07362229040739193
1 0.513807487079953 0.1033543692257617 0.061322412562887674 0.03114789209543503
1 0.9932372580261661 0.157863180392773 0.009291274630740531 0.041058585034891626
1 0.9597886693555001 0.2930733483525023 0.03159033374451792 0.03681114520369594
1 0.5175239969322494 0.7199410513876688 0.13565260960881226 0.14582876753771856
1 0.6141532530919512 0.8055977546501152 0.06875543226748015 0.07362229040739188
1 0.5138074870799532 0.9188628168153334 0.065038922415184 0.0339795186495655
1 0.013936911946110844 0.17414503307902313 0.02415731403992546 0.05096927797434822
3 0.36421796552503005 0.04742974478168516 0.29732078818369806 0.05521671780554392
4 0.8622302857327242 0.04389021158902209 0.08919623645510932 0.05380090452847869
