3 0.415625 0.05 0.20625000000000004 0.07142857142857142
4 0.865625 0.045238095238095244 0.09375 0.061904761904761914
1 0.11051633230452679 0.21050729962767006 0.07032857510288068 0.06889329805996475
1 0.012558674125514405 0.22390321869488541 0.02009387860082305 0.06506589261218892
1 0.04521122685185186 0.8171510631001374 0.08539898405349797 0.13395919067215367
1 0.09419005594135804 0.7051994537526947 0.0527464313271605 0.06697959533607678
1 0.8288724922839508 0.11864956888105041 0.05525816615226331 0.057411081716637294
1 0.9469240290637861 0.22868747550460516 0.10046939300411528 0.13970029884381738
1 0.8338959619341565 0.802798292670978 0.06028163580246915 0.06697959533607689
1 0.9921352559156381 0.8238490226337452 0.010046939300411561 0.04784256809719778
