3 0.384375 0.045238095238095244 0.33125000000000004 0.08095238095238096
4 0.859375 0.05 0.09375 0.06190476190476191
1 0.425 0.4642857142857143 0.07500000000000001 0.06190476190476191
1 0.24062499999999998 0.5142857142857142 0.08124999999999999 0.07619047619047625
1 0.06562499999999999 0.24047619047619045 0.04375 0.06190476190476188
1 0.03125 0.6071428571428571 0.0625 0.09047619047619049
1 0.390625 0.6357142857142857 0.06874999999999998 0.080952380952381
1 0.653125 0.3547619047619047 0.06874999999999998 0.08095238095238094
1 0.890625 0.3738095238095238 0.06875000000000009 0.080952380952381
1 0.8156249999999999 0.7285714285714285 0.08124999999999993 0.07619047619047625
